LR: 0.975000 (0.038188)
LDA: 0.983333 (0.033333)
KNN: 0.958333 (0.055902)
CART: 0.958333 (0.055902)
NB: 0.958333 (0.041667)
SVM: 0.975000 (0.038188)
