LR: 0.966667 (0.031180)
LDA: 0.983333 (0.033333)
KNN: 0.983333 (0.020412)
CART: 0.950000 (0.048591)
NB: 0.958333 (0.026352)
SVM: 0.975000 (0.020412)
